# Time Mag MagErr
2692.959850 0.145061 0.000696
2692.966794 0.150556 0.000700
2692.973738 0.152526 0.000703
2692.980683 0.150362 0.000703
2692.987627 0.147004 0.000704
2692.994572 0.142062 0.000703
2693.001516 0.131214 0.000701
2693.008460 0.116181 0.000696
2693.015405 0.096055 0.000689
2693.022349 0.068441 0.000679
2693.029294 0.036458 0.000667
2693.036238 -0.001741 0.000652
2693.043182 -0.036321 0.000639
2693.050127 -0.061581 0.000631
2693.057071 -0.077000 0.000626
2693.064016 -0.088463 0.000623
2693.070960 -0.098727 0.000621
2693.077904 -0.106932 0.000619
2693.084849 -0.109516 0.000620
2693.091793 -0.109133 0.000622
2693.098738 -0.110003 0.000623
2693.105682 -0.110092 0.000624
2693.112627 -0.113247 0.000625
2693.119571 -0.115424 0.000625
2693.126515 -0.119869 0.000624
2693.133460 -0.122424 0.000624
2693.140404 -0.123106 0.000626
2693.147349 -0.117938 0.000629
2693.154293 -0.111273 0.000633
2693.161237 -0.098944 0.000640
2693.168182 -0.083139 0.000648
2693.175126 -0.067026 0.000656
2693.182071 -0.048314 0.000665
2693.189015 -0.030637 0.000674
2693.195959 -0.009673 0.000685
2693.202904 0.009427 0.000695
2693.209848 0.027382 0.000704
2693.216793 0.044020 0.000714
2693.223737 0.058251 0.000722
2693.230681 0.072891 0.000730
2693.237626 0.083545 0.000736
2693.244570 0.096067 0.000744
2693.251515 0.106591 0.000750
2693.258459 0.116490 0.000756
2693.265404 0.126109 0.000762
2693.272348 0.133121 0.000767
2693.279292 0.140472 0.000771
2693.286237 0.146117 0.000775
2693.293181 0.148145 0.000777
2693.300126 0.151432 0.000780
2693.307070 0.148447 0.000779
2693.314014 0.143187 0.000778
2698.807048 -0.117440 0.000646
2698.813993 -0.116899 0.000645
2698.820937 -0.113635 0.000646
2698.827881 -0.103828 0.000650
2698.834826 -0.089522 0.000656
2698.841770 -0.073555 0.000662
2698.848715 -0.054259 0.000671
2698.855659 -0.033776 0.000680
2698.862603 -0.013426 0.000689
2698.869548 0.007331 0.000698
2698.876492 0.027075 0.000708
2698.883437 0.045749 0.000717
2698.890381 0.060289 0.000724
2698.897326 0.076366 0.000732
2698.904270 0.089247 0.000739
2698.911214 0.101189 0.000746
2698.918159 0.109126 0.000750
2698.925103 0.120621 0.000756
2698.932048 0.128161 0.000759
2698.938992 0.136639 0.000763
2698.945936 0.142303 0.000767
2698.952881 0.145093 0.000768
2698.959825 0.148223 0.000770
2698.966770 0.147453 0.000770
2698.973714 0.145676 0.000769
2698.980658 0.135977 0.000763
2698.987603 0.124102 0.000757
2698.994547 0.107173 0.000748
2699.001492 0.083840 0.000736
2699.008436 0.055629 0.000721
2699.015380 0.023502 0.000705
2699.022325 -0.010400 0.000689
2699.029269 -0.042630 0.000673
2699.036214 -0.064822 0.000662
2699.043158 -0.079158 0.000655
2699.050102 -0.090895 0.000649
2699.057047 -0.102622 0.000644
2699.063991 -0.110800 0.000639
2699.070936 -0.118709 0.000635
2699.077880 -0.123989 0.000631
2699.084825 -0.127023 0.000629
2699.091769 -0.127503 0.000628
2699.098713 -0.127384 0.000627
2699.105658 -0.123368 0.000628
2699.112602 -0.119648 0.000629
2699.119547 -0.113529 0.000630
2699.126491 -0.105253 0.000633
2699.133435 -0.094127 0.000637
2699.140380 -0.082552 0.000641
2699.147324 -0.068591 0.000646
2699.154269 -0.055059 0.000651
2699.161213 -0.039438 0.000657
2699.168157 -0.023695 0.000664
2699.175102 -0.008502 0.000670
2699.182046 0.006754 0.000676
2699.188991 0.020746 0.000682
2699.195935 0.033090 0.000687
2699.202879 0.046280 0.000693
2699.209824 0.058592 0.000699
2699.216768 0.071016 0.000704
2699.223713 0.082519 0.000709
2699.230657 0.093406 0.000714
2699.237601 0.102242 0.000718
2699.244546 0.111502 0.000723
2699.251490 0.117465 0.000726
2699.258435 0.125446 0.000729
2699.265379 0.131301 0.000732
2699.272323 0.135544 0.000734
2699.279268 0.135987 0.000734
2699.286212 0.136114 0.000733
2699.293157 0.132661 0.000732
2699.300101 0.126455 0.000728
2699.307046 0.113947 0.000722
2699.313990 0.097682 0.000713
2699.320934 0.076175 0.000702
2699.327879 0.051857 0.000690
2699.334823 0.025824 0.000678
2699.341768 0.000892 0.000666
2699.348712 -0.021514 0.000656
2699.355656 -0.041362 0.000647
2699.362601 -0.056258 0.000640
2699.369545 -0.071985 0.000632
2699.376490 -0.089044 0.000624
2699.383434 -0.108631 0.000616
2699.390378 -0.124860 0.000609
2699.397323 -0.134287 0.000604
2699.404267 -0.140425 0.000601
2699.411212 -0.143309 0.000599
2699.418156 -0.144200 0.000599
2699.425100 -0.141965 0.000599
2699.432045 -0.138177 0.000600
2699.438989 -0.131367 0.000602
2699.445934 -0.120899 0.000606
2699.452878 -0.107687 0.000610
2699.459822 -0.093508 0.000616
2699.466767 -0.074964 0.000623
2699.473711 -0.057361 0.000630
2699.480656 -0.037244 0.000638
2699.487600 -0.017066 0.000647
2699.494544 0.002145 0.000655
2699.501489 0.021370 0.000664
2699.508433 0.037577 0.000670
2699.515378 0.052473 0.000677
2699.522322 0.067225 0.000684
2699.529266 0.079213 0.000690
2699.536211 0.089977 0.000695
2699.543155 0.100993 0.000700
2699.550100 0.109385 0.000705
2699.557044 0.118781 0.000709
2699.563988 0.125814 0.000713
2699.570933 0.132089 0.000716
2699.577877 0.138283 0.000719
2699.584822 0.142039 0.000722
2699.591766 0.142885 0.000723
2699.598710 0.143640 0.000723
2699.605655 0.139764 0.000722
2699.612599 0.130768 0.000718
2699.619544 0.119278 0.000713
2699.626488 0.101077 0.000705
2699.633433 0.075634 0.000694
2699.640377 0.044176 0.000679
2699.647321 0.006746 0.000663
2699.654266 -0.027564 0.000649
2699.661210 -0.049038 0.000640
2699.668155 -0.062131 0.000635
2699.675099 -0.070872 0.000632
2699.682043 -0.076201 0.000630
2699.688988 -0.082817 0.000628
2699.695932 -0.087216 0.000626
2699.702877 -0.091753 0.000625
2699.709821 -0.094413 0.000623
2699.716765 -0.099537 0.000622
2699.723710 -0.106826 0.000619
2699.730654 -0.112454 0.000616
2699.737599 -0.120003 0.000613
2699.744543 -0.125713 0.000611
2699.751487 -0.125637 0.000611
2699.758432 -0.125535 0.000610
2699.765376 -0.119027 0.000612
2699.772321 -0.107740 0.000617
2699.779265 -0.095045 0.000622
2699.786209 -0.080045 0.000627
2699.793154 -0.062078 0.000634
2699.800098 -0.044562 0.000641
2699.807043 -0.024908 0.000648
2699.813987 -0.006151 0.000656
2699.820931 0.011054 0.000663
2699.827876 0.029336 0.000671
2699.834820 0.045057 0.000677
2699.841765 0.059849 0.000683
2699.848709 0.073388 0.000689
2699.855653 0.085486 0.000694
2699.862598 0.097722 0.000699
2699.869542 0.106989 0.000703
2699.876487 0.117228 0.000707
2699.883431 0.124249 0.000710
2699.890375 0.132602 0.000715
2699.897320 0.136545 0.000716
2699.904264 0.141773 0.000719
2699.911209 0.142218 0.000719
2699.918153 0.142337 0.000718
2699.925097 0.137261 0.000716
2699.932042 0.128956 0.000712
2699.938986 0.115484 0.000705
2699.945931 0.094327 0.000695
2699.952875 0.069835 0.000684
2699.959819 0.040800 0.000671
2699.966764 0.011179 0.000658
2699.973708 -0.014685 0.000647
2699.980653 -0.037680 0.000637
2699.987597 -0.054480 0.000630
2699.994541 -0.070997 0.000624
2700.001486 -0.089467 0.000616
2700.008430 -0.109901 0.000608
2700.015375 -0.126318 0.000601
2700.022319 -0.135245 0.000597
2700.029263 -0.136971 0.000597
2700.036208 -0.135799 0.000596
2700.043152 -0.131161 0.000598
2700.050097 -0.125895 0.000599
2700.057041 -0.116773 0.000602
2700.063985 -0.108600 0.000605
2700.070930 -0.095857 0.000609
2700.077874 -0.086950 0.000612
2700.084819 -0.074937 0.000616
2700.091763 -0.063707 0.000619
2700.098707 -0.051340 0.000624
2700.105652 -0.038416 0.000628
2700.112596 -0.025333 0.000633
2700.119541 -0.012638 0.000637
2700.126485 0.001078 0.000643
2700.133429 0.013390 0.000647
2700.140374 0.028603 0.000653
2700.147318 0.040707 0.000658
2700.154263 0.052522 0.000662
2700.161207 0.064789 0.000667
2700.168151 0.074760 0.000671
2700.175096 0.086103 0.000676
2700.182040 0.092247 0.000679
2700.188985 0.100481 0.000683
2700.195929 0.108369 0.000687
2700.202873 0.115218 0.000690
2700.209818 0.120393 0.000693
2700.216762 0.124003 0.000694
2700.223707 0.126738 0.000696
2700.230651 0.126989 0.000696
2700.237595 0.123054 0.000694
2700.244540 0.115068 0.000691
2700.251484 0.102635 0.000685
2700.258429 0.087498 0.000679
2700.265373 0.064728 0.000669
2700.272317 0.040343 0.000659
2700.279262 0.012125 0.000647
2700.286206 -0.013508 0.000636
2700.293151 -0.036633 0.000627
2700.300095 -0.052475 0.000621
2700.307039 -0.064217 0.000616
2700.313984 -0.073818 0.000612
2700.320928 -0.084812 0.000607
2700.327873 -0.094345 0.000603
2700.334817 -0.102129 0.000600
2700.341761 -0.108828 0.000597
2700.348706 -0.114430 0.000595
2700.355650 -0.119418 0.000593
2700.362595 -0.122756 0.000591
2700.369539 -0.129731 0.000588
2700.376483 -0.133845 0.000586
2700.383428 -0.131231 0.000587
2700.390372 -0.122774 0.000589
2700.397317 -0.110701 0.000593
2700.404261 -0.095597 0.000598
2700.411205 -0.077506 0.000605
2700.418150 -0.056909 0.000612
2700.425094 -0.037380 0.000619
2700.432039 -0.016167 0.000627
2700.438983 0.004809 0.000635
2700.445927 0.024978 0.000643
2700.452872 0.042337 0.000650
2700.459816 0.056809 0.000656
2700.466761 0.071080 0.000661
2700.473705 0.084087 0.000667
2700.480649 0.094538 0.000671
2700.487594 0.105663 0.000676
2700.494538 0.113603 0.000679
2700.501483 0.121481 0.000683
2700.508427 0.128125 0.000685
2700.515371 0.133891 0.000688
2700.522316 0.137698 0.000690
2700.529260 0.140048 0.000691
2700.536205 0.140365 0.000691
2700.543149 0.138133 0.000690
2700.550093 0.133099 0.000688
2700.557038 0.125423 0.000685
2700.563982 0.112495 0.000680
2700.570927 0.094652 0.000672
2700.577871 0.071688 0.000662
2700.584815 0.040139 0.000649
2700.591760 0.009822 0.000636
2700.598704 -0.018452 0.000625
2700.605649 -0.041747 0.000616
2700.612593 -0.060699 0.000609
2700.619537 -0.076615 0.000603
2700.626482 -0.088118 0.000599
2700.633426 -0.098102 0.000595
2700.640370 -0.106068 0.000592
2700.647315 -0.111580 0.000590
2700.654259 -0.116011 0.000589
2700.661204 -0.118384 0.000588
2700.668148 -0.121039 0.000587
2700.675092 -0.122246 0.000587
2700.682037 -0.121100 0.000587
2700.688981 -0.117641 0.000589
2700.695926 -0.114362 0.000590
2700.702870 -0.105881 0.000593
2700.709814 -0.097452 0.000597
2700.716759 -0.086965 0.000601
2700.723703 -0.075531 0.000605
2700.730648 -0.061606 0.000610
2700.737592 -0.048623 0.000615
2700.744536 -0.033717 0.000621
2700.751481 -0.018030 0.000627
2700.758425 -0.002066 0.000634
2700.765370 0.014446 0.000640
2700.772314 0.029971 0.000646
2700.779258 0.045404 0.000652
2700.786203 0.060887 0.000658
2700.793147 0.075175 0.000664
2700.800092 0.088514 0.000669
2700.807036 0.100217 0.000675
2700.813980 0.111098 0.000679
2700.820925 0.120310 0.000683
2700.827869 0.129308 0.000687
2700.834814 0.136476 0.000690
2700.841758 0.143364 0.000693
2700.848702 0.145727 0.000694
2700.855647 0.147634 0.000694
2700.862591 0.147975 0.000694
2700.869536 0.144230 0.000692
2700.876480 0.135499 0.000688
2700.883424 0.121412 0.000682
2700.890369 0.102894 0.000674
2700.897313 0.078773 0.000663
2700.904258 0.051594 0.000652
2700.911202 0.021376 0.000640
2700.918146 -0.008323 0.000628
2700.925091 -0.033132 0.000618
2700.932035 -0.053896 0.000610
2700.938980 -0.070135 0.000604
2700.945924 -0.086879 0.000598
2700.952868 -0.105768 0.000591
2700.959813 -0.121894 0.000585
2700.966757 -0.129644 0.000583
2700.973701 -0.137242 0.000579
2700.980646 -0.142308 0.000578
2700.987590 -0.142401 0.000578
2700.994535 -0.142441 0.000577
2701.001479 -0.138157 0.000579
2701.008423 -0.131319 0.000581
2701.015368 -0.122437 0.000584
2701.022312 -0.109875 0.000589
2701.029257 -0.094951 0.000594
2701.036201 -0.080480 0.000599
2701.043145 -0.062649 0.000605
2701.050090 -0.045831 0.000611
2701.057034 -0.027079 0.000618
2701.063979 -0.009424 0.000625
2701.070923 0.005955 0.000630
2701.077867 0.022752 0.000636
2701.084812 0.039052 0.000642
2701.091756 0.051563 0.000647
2701.098701 0.064202 0.000651
2701.105645 0.076196 0.000656
2701.112589 0.085586 0.000659
2701.119534 0.094122 0.000662
2701.126478 0.104760 0.000666
2701.133423 0.113021 0.000670
2701.140367 0.120629 0.000672
2701.147311 0.127612 0.000675
2701.154256 0.133727 0.000677
2701.161200 0.138571 0.000680
2701.168145 0.140014 0.000681
2701.175089 0.140430 0.000680
2701.182033 0.134615 0.000677
2701.188978 0.126804 0.000674
2701.195922 0.113215 0.000668
2701.202866 0.092849 0.000660
2701.209811 0.065453 0.000649
2701.216755 0.037164 0.000637
2701.223700 0.009516 0.000627
2701.230644 -0.013185 0.000618
2701.237588 -0.033417 0.000610
2701.244533 -0.048374 0.000605
2701.251477 -0.059445 0.000601
2701.258422 -0.069897 0.000597
2701.265366 -0.078868 0.000594
2701.272310 -0.087530 0.000591
2701.279255 -0.096018 0.000588
2701.286199 -0.103759 0.000585
2701.293144 -0.110469 0.000583
2701.300088 -0.120836 0.000579
2701.307032 -0.128399 0.000576
2701.313977 -0.135713 0.000574
2701.320921 -0.137626 0.000573
2701.327866 -0.135976 0.000573
2701.334810 -0.130545 0.000575
2701.341754 -0.120955 0.000578
2701.348699 -0.109114 0.000582
2701.355643 -0.092690 0.000588
2701.362587 -0.075715 0.000594
2701.369532 -0.057440 0.000601
2701.376476 -0.036114 0.000609
2701.383421 -0.015008 0.000616
2701.390365 0.004430 0.000623
2701.397309 0.024954 0.000631
2701.404254 0.041184 0.000636
2701.411198 0.058994 0.000643
2701.418143 0.073103 0.000649
2701.425087 0.085135 0.000653
2701.432031 0.098205 0.000659
2701.438976 0.107630 0.000662
2701.445920 0.117376 0.000666
2701.452865 0.125134 0.000669
2701.459809 0.132096 0.000672
2701.466753 0.136712 0.000673
2701.473698 0.140641 0.000674
2701.480642 0.141885 0.000674
2701.487587 0.141428 0.000674
2701.494531 0.139856 0.000674
2701.501475 0.134125 0.000671
2701.508420 0.123979 0.000666
2701.515364 0.108705 0.000659
2701.522308 0.088612 0.000651
2701.529253 0.062841 0.000641
2701.536197 0.032635 0.000628
2701.543142 0.004460 0.000618
2701.550086 -0.022567 0.000607
2701.557030 -0.046739 0.000598
2701.563975 -0.068659 0.000590
2701.570919 -0.087085 0.000584
2701.577864 -0.103667 0.000577
2701.584808 -0.114371 0.000574
2701.591752 -0.118510 0.000572
2701.598697 -0.122082 0.000570
2701.605641 -0.124414 0.000570
2701.612586 -0.123423 0.000570
2701.619530 -0.121784 0.000571
2701.626474 -0.118401 0.000572
2701.633419 -0.112436 0.000573
2701.640363 -0.106246 0.000576
2701.647308 -0.098668 0.000578
2701.654252 -0.090228 0.000581
2701.661196 -0.079765 0.000585
2701.668141 -0.069794 0.000589
2701.675085 -0.058119 0.000593
2701.682029 -0.045557 0.000598
2701.688974 -0.032681 0.000603
2701.695918 -0.018782 0.000608
2701.702863 -0.005253 0.000613
2701.709807 0.010275 0.000620
2701.716751 0.022938 0.000624
2701.723696 0.038670 0.000631
2701.730640 0.050333 0.000635
2701.737585 0.064224 0.000641
2701.744529 0.075489 0.000646
2701.751473 0.086448 0.000650
2701.758418 0.096759 0.000655
2701.765362 0.106141 0.000658
2701.772307 0.114523 0.000662
2701.779251 0.123354 0.000665
2701.786195 0.128699 0.000668
2701.793140 0.132900 0.000670
2701.800084 0.134274 0.000670
2701.807028 0.135174 0.000670
2701.813973 0.131809 0.000669
2701.820917 0.124604 0.000666
2701.827862 0.111776 0.000660
2701.834806 0.092330 0.000652
2701.841750 0.070194 0.000643
2701.848695 0.041043 0.000631
2701.855639 0.011712 0.000620
2701.862584 -0.015748 0.000609
2701.869528 -0.037459 0.000602
2701.876472 -0.054199 0.000595
2701.883417 -0.065093 0.000591
2701.890361 -0.077148 0.000586
2701.897306 -0.089874 0.000582
2701.904250 -0.101658 0.000578
2701.911194 -0.109697 0.000575
2701.918139 -0.118321 0.000572
2701.925083 -0.128560 0.000568
2701.932027 -0.136146 0.000566
2701.938972 -0.141763 0.000564
2701.945916 -0.138816 0.000565
2701.952861 -0.133155 0.000567
2701.959805 -0.124038 0.000570
2701.966749 -0.112602 0.000574
2701.973694 -0.099300 0.000578
2701.980638 -0.083422 0.000584
2701.987583 -0.064432 0.000591
2701.994527 -0.044013 0.000598
2702.001471 -0.025995 0.000605
2702.008416 -0.005822 0.000612
2702.015360 0.012406 0.000619
2702.022304 0.029719 0.000626
2702.029249 0.045263 0.000631
2702.036193 0.058265 0.000637
2702.043138 0.071442 0.000641
2702.050082 0.083388 0.000646
2702.057026 0.093656 0.000650
2702.063971 0.102344 0.000653
2702.070915 0.111006 0.000656
2702.077860 0.116163 0.000658
2702.084804 0.123918 0.000661
2702.091748 0.127679 0.000662
2702.098693 0.131436 0.000663
2702.105637 0.136551 0.000665
2702.112581 0.135521 0.000664
2702.119526 0.134787 0.000663
2702.126470 0.128302 0.000660
2702.133415 0.121320 0.000657
2702.140359 0.107945 0.000652
2702.147303 0.088960 0.000644
2702.154248 0.065100 0.000634
2702.161192 0.038685 0.000624
2702.168137 0.008513 0.000612
2702.175081 -0.020361 0.000601
2702.182025 -0.046656 0.000592
2702.188970 -0.066644 0.000585
2702.195914 -0.078322 0.000581
2702.202859 -0.086474 0.000578
2702.209803 -0.094854 0.000575
2702.216747 -0.102525 0.000572
2702.223692 -0.109046 0.000570
2702.230636 -0.115541 0.000568
2702.237580 -0.120880 0.000566
2702.244525 -0.123906 0.000565
2702.251469 -0.127494 0.000564
2702.258414 -0.128009 0.000564
2702.265358 -0.124411 0.000565
2702.272302 -0.118291 0.000567
2702.279247 -0.111067 0.000569
2702.286191 -0.101869 0.000572
2702.293136 -0.091128 0.000576
2702.300080 -0.078816 0.000580
2702.307024 -0.065371 0.000585
2702.313969 -0.049872 0.000591
2702.320913 -0.033047 0.000596
2702.327857 -0.015362 0.000603
2702.334802 0.003948 0.000610
2702.341746 0.023479 0.000617
2702.348691 0.040290 0.000623
2702.355635 0.059391 0.000630
2702.362579 0.072665 0.000635
2702.369524 0.086750 0.000640
2702.376468 0.099307 0.000645
2702.383413 0.109742 0.000648
2702.390357 0.119262 0.000652
2702.397301 0.129830 0.000656
2702.404246 0.137254 0.000659
2702.411190 0.142940 0.000661
2702.418134 0.146110 0.000662
2702.425079 0.151104 0.000664
2702.432023 0.152219 0.000664
2702.438968 0.148946 0.000663
2702.445912 0.142478 0.000660
2702.452856 0.130626 0.000655
2702.459801 0.115480 0.000648
2702.466745 0.094290 0.000640
2702.473689 0.069314 0.000630
2702.480634 0.039127 0.000618
2702.487578 0.005314 0.000605
2702.494523 -0.023375 0.000595
2702.501467 -0.046992 0.000586
2702.508411 -0.064837 0.000581
2702.515356 -0.082180 0.000574
2702.522300 -0.100213 0.000568
2702.529245 -0.115548 0.000562
2702.536189 -0.128097 0.000559
2702.543133 -0.137263 0.000555
2702.550078 -0.142061 0.000553
2702.557022 -0.143219 0.000553
2702.563966 -0.140957 0.000554
2702.570911 -0.136311 0.000555
2702.577855 -0.130132 0.000557
2702.584800 -0.122313 0.000559
2702.591744 -0.111573 0.000563
2702.598688 -0.099967 0.000567
2702.605633 -0.087145 0.000571
2702.612577 -0.073991 0.000575
2702.619522 -0.058277 0.000581
2702.626466 -0.043164 0.000586
2702.633410 -0.026497 0.000592
2702.640355 -0.011362 0.000597
2702.647299 0.006069 0.000603
2702.654243 0.021330 0.000609
2702.661188 0.036690 0.000614
2702.668132 0.050554 0.000619
2702.675077 0.063871 0.000624
2702.682021 0.073897 0.000628
2702.688965 0.085916 0.000632
2702.695910 0.096586 0.000637
2702.702854 0.106709 0.000641
2702.709798 0.116051 0.000644
2702.716743 0.123954 0.000647
2702.723687 0.131534 0.000650
2702.730632 0.137662 0.000652
2702.737576 0.140474 0.000654
2702.744520 0.143293 0.000655
2702.751465 0.140976 0.000653
2702.758409 0.136880 0.000652
2702.765354 0.126990 0.000648
2702.772298 0.113082 0.000643
2702.779242 0.093295 0.000635
2702.786187 0.069073 0.000625
2702.793131 0.042349 0.000615
2702.800075 0.015331 0.000605
2702.807020 -0.012760 0.000594
2702.813964 -0.035120 0.000587
2702.820909 -0.054023 0.000580
2702.827853 -0.067886 0.000575
2702.834797 -0.079065 0.000571
2702.841742 -0.088623 0.000568
2702.848686 -0.100472 0.000564
2702.855630 -0.110087 0.000561
2702.862575 -0.119697 0.000557
2702.869519 -0.127287 0.000555
2702.876464 -0.135105 0.000552
2702.883408 -0.139529 0.000551
2702.890352 -0.141856 0.000550
2702.897297 -0.141184 0.000550
2702.904241 -0.136093 0.000551
2702.911186 -0.128008 0.000554
2702.918130 -0.115740 0.000557
2702.925074 -0.099692 0.000563
2702.932019 -0.082214 0.000569
2702.938963 -0.061641 0.000575
2702.945907 -0.041637 0.000582
2702.952852 -0.019805 0.000589
2702.959796 0.001449 0.000597
2702.966741 0.022015 0.000604
2702.973685 0.038292 0.000610
2702.980629 0.055747 0.000616
2702.987574 0.068079 0.000620
2702.994518 0.082077 0.000626
2703.001462 0.091853 0.000629
2703.008407 0.102346 0.000633
2703.015351 0.111771 0.000637
2703.022296 0.119895 0.000639
2703.029240 0.125005 0.000641
2703.036184 0.132147 0.000643
2703.043129 0.138006 0.000646
2703.050073 0.141523 0.000647
2703.057017 0.142117 0.000647
2703.063962 0.142278 0.000647
2703.070906 0.139402 0.000645
2703.077851 0.132425 0.000642
2703.084795 0.121418 0.000638
2703.091739 0.105097 0.000632
2703.098684 0.082767 0.000623
2703.105628 0.055458 0.000613
2703.112572 0.023560 0.000602
2703.119517 -0.011820 0.000588
2703.126461 -0.041658 0.000578
2703.133406 -0.062396 0.000571
2703.140350 -0.077263 0.000566
2703.147294 -0.090511 0.000562
2703.154239 -0.101099 0.000558
2703.161183 -0.111986 0.000554
2703.168127 -0.119763 0.000551
2703.175072 -0.126740 0.000549
2703.182016 -0.129301 0.000548
2703.188961 -0.131723 0.000547
2703.195905 -0.129629 0.000548
2703.202849 -0.127474 0.000548
2703.209794 -0.122155 0.000550
2703.216738 -0.114578 0.000552
2703.223682 -0.107706 0.000554
2703.230627 -0.097371 0.000558
2703.237571 -0.086466 0.000561
2703.244516 -0.072892 0.000566
2703.251460 -0.059652 0.000570
2703.258404 -0.044969 0.000575
2703.265349 -0.029102 0.000580
2703.272293 -0.014251 0.000585
2703.279237 -0.000178 0.000590
2703.286182 0.017443 0.000597
2703.293126 0.032235 0.000602
2703.300071 0.046741 0.000607
2703.307015 0.061373 0.000612
2703.313959 0.074906 0.000617
2703.320904 0.087915 0.000622
2703.327848 0.099605 0.000626
2703.334792 0.110757 0.000631
2703.341737 0.120889 0.000634
2703.348681 0.129385 0.000637
2703.355626 0.135995 0.000640
2703.362570 0.141925 0.000642
2703.369514 0.144699 0.000644
2703.376459 0.146474 0.000644
2703.383403 0.143687 0.000643
2703.390347 0.137160 0.000640
2703.397292 0.127507 0.000637
2703.404236 0.112039 0.000631
2703.411181 0.090031 0.000623
2703.418125 0.062558 0.000612
2703.425069 0.031216 0.000601
2703.432014 -0.002355 0.000589
2703.438958 -0.032005 0.000579
2703.445902 -0.050775 0.000573
2703.452847 -0.061727 0.000569
2703.459791 -0.073916 0.000565
2703.466736 -0.086635 0.000561
2703.473680 -0.100050 0.000557
2703.480624 -0.113764 0.000552
2703.487569 -0.122073 0.000550
2703.494513 -0.128359 0.000548
2703.501457 -0.132842 0.000546
2703.508402 -0.135851 0.000545
2703.515346 -0.137068 0.000545
2703.522291 -0.135713 0.000545
2703.529235 -0.130695 0.000547
2703.536179 -0.122079 0.000550
2703.543124 -0.110183 0.000553
2703.550068 -0.095338 0.000558
2703.557012 -0.079212 0.000563
2703.563957 -0.061015 0.000569
2703.570901 -0.043419 0.000575
2703.577846 -0.024330 0.000581
2703.584790 -0.006413 0.000588
2703.591734 0.012301 0.000595
2703.598679 0.027919 0.000600
2703.605623 0.043779 0.000605
2703.612567 0.056946 0.000610
2703.619512 0.068590 0.000615
2703.626456 0.080966 0.000619
2703.633401 0.090827 0.000622
2703.640345 0.100409 0.000627
2703.647289 0.108542 0.000630
2703.654234 0.117431 0.000632
2703.661178 0.124887 0.000636
2703.668122 0.131168 0.000638
2703.675067 0.135289 0.000639
2703.682011 0.138632 0.000641
2703.688955 0.140364 0.000641
2703.695900 0.138911 0.000641
2703.702844 0.134236 0.000639
2703.709789 0.124821 0.000636
2703.716733 0.110755 0.000630
2703.723677 0.091995 0.000623
2703.730622 0.067209 0.000614
2703.737566 0.036649 0.000603
2703.744510 0.005236 0.000592
2703.751455 -0.022823 0.000582
2703.758399 -0.048157 0.000573
2703.765344 -0.063274 0.000569
2703.772288 -0.074835 0.000565
2703.779232 -0.085942 0.000561
2703.786177 -0.096422 0.000558
2703.793121 -0.107897 0.000554
2703.800065 -0.118858 0.000551
2703.807010 -0.128002 0.000548
2703.813954 -0.133223 0.000546
2703.820898 -0.135101 0.000545
2703.827843 -0.132826 0.000546
2703.834787 -0.129867 0.000547
2703.841732 -0.124905 0.000549
2703.848676 -0.118128 0.000551
2703.855620 -0.110146 0.000553
2703.862565 -0.097285 0.000558
2703.869509 -0.084888 0.000562
2703.876453 -0.068940 0.000567
2703.883398 -0.053958 0.000572
2703.890342 -0.037095 0.000577
2703.897287 -0.018133 0.000584
2703.904231 -0.000813 0.000590
2703.911175 0.016709 0.000596
2703.918120 0.035506 0.000603
2703.925064 0.052201 0.000608
2703.932008 0.067254 0.000614
2703.938953 0.082486 0.000620
2703.945897 0.095200 0.000624
2703.952841 0.105669 0.000628
2703.959786 0.116228 0.000632
2703.966730 0.122633 0.000634
2703.973675 0.131004 0.000639
2703.980619 0.137951 0.000641
2703.987563 0.142390 0.000642
2703.994508 0.144782 0.000643
2704.001452 0.146997 0.000644
2704.008396 0.146174 0.000643
2704.015341 0.142272 0.000642
2704.022285 0.135231 0.000640
2704.029229 0.122868 0.000635
2704.036174 0.107790 0.000629
2704.043118 0.085457 0.000621
2704.050063 0.056724 0.000610
2704.057007 0.024666 0.000599
2704.063951 -0.008344 0.000587
2704.070896 -0.037570 0.000577
2704.077840 -0.059523 0.000570
2704.084784 -0.078886 0.000563
2704.091729 -0.094272 0.000558
2704.098673 -0.107012 0.000554
2704.105617 -0.118775 0.000551
2704.112562 -0.126528 0.000548
2704.119506 -0.134452 0.000546
2704.126451 -0.137583 0.000545
2704.133395 -0.137482 0.000545
2704.140339 -0.136001 0.000545
2704.147284 -0.132025 0.000546
2704.154228 -0.125094 0.000549
2704.161172 -0.120253 0.000550
2704.168117 -0.113937 0.000552
2704.175061 -0.102890 0.000555
2704.182005 -0.090221 0.000560
2704.188950 -0.075231 0.000564
2704.195894 -0.059463 0.000570
2704.202838 -0.040978 0.000576
2704.209783 -0.025055 0.000581
2704.216727 -0.007318 0.000587
2704.223672 0.010242 0.000593
2704.230616 0.026450 0.000599
2704.237560 0.043062 0.000605
2704.244505 0.056723 0.000610
2704.251449 0.070445 0.000615
2704.258393 0.084525 0.000620
2704.265338 0.096822 0.000625
2704.272282 0.108059 0.000629
2704.279226 0.118905 0.000633
2704.286171 0.128535 0.000637
2704.293115 0.134659 0.000639
2704.300060 0.142440 0.000642
2704.307004 0.147321 0.000644
2704.313948 0.149783 0.000645
2704.320893 0.151103 0.000645
2704.327837 0.147548 0.000644
2704.334781 0.140493 0.000641
2704.341726 0.129494 0.000637
2704.348670 0.112290 0.000630
2704.355614 0.091375 0.000623
2704.362559 0.064398 0.000613
2704.369503 0.030541 0.000601
2704.376447 -0.000668 0.000590
2704.383392 -0.031389 0.000579
2704.390336 -0.053188 0.000572
2704.397280 -0.069471 0.000566
2704.404225 -0.081615 0.000562
2704.411169 -0.095723 0.000557
2704.418114 -0.107497 0.000554
2704.425058 -0.115943 0.000552
2704.432002 -0.121458 0.000550
2704.438947 -0.126855 0.000548
2704.445891 -0.131842 0.000546
2704.452835 -0.136758 0.000545
2704.459780 -0.137645 0.000545
2704.466724 -0.135377 0.000545
2704.473668 -0.130725 0.000547
2704.480613 -0.124726 0.000548
2704.487557 -0.113648 0.000552
2704.494501 -0.098460 0.000557
2704.501446 -0.081677 0.000562
2704.508390 -0.064048 0.000568
2704.515334 -0.044130 0.000575
2704.522279 -0.025297 0.000581
2704.529223 -0.005138 0.000588
2704.536168 0.012725 0.000594
2704.543112 0.029202 0.000600
2704.550056 0.045002 0.000606
2704.557001 0.059441 0.000611
2704.563945 0.072042 0.000616
2704.570889 0.082804 0.000620
2704.577834 0.091706 0.000623
2704.584778 0.101507 0.000627
2704.591722 0.110283 0.000630
2704.598667 0.118523 0.000633
2704.605611 0.124151 0.000635
2704.612555 0.131497 0.000638
2704.619500 0.137749 0.000640
2704.626444 0.141667 0.000642
2704.633388 0.143149 0.000642
2704.640333 0.144519 0.000643
2704.647277 0.142200 0.000642
2704.654221 0.134952 0.000639
2704.661166 0.122638 0.000634
2704.668110 0.104318 0.000628
2704.675054 0.078603 0.000618
2704.681999 0.047756 0.000607
2704.688943 0.012925 0.000595
2704.695887 -0.018796 0.000583
2712.890147 -0.036629 0.000679
2712.897092 -0.057615 0.000667
2712.904036 -0.075082 0.000657
2712.910980 -0.097500 0.000645
2712.917925 -0.114736 0.000635
2712.924869 -0.127052 0.000628
2712.931813 -0.133503 0.000623
2712.938757 -0.136549 0.000620
2712.945702 -0.137024 0.000619
2712.952646 -0.135278 0.000618
2712.959590 -0.133348 0.000618
2712.966535 -0.128044 0.000619
2712.973479 -0.124099 0.000620
2712.980423 -0.114906 0.000623
2712.987367 -0.102522 0.000627
2712.994312 -0.090143 0.000632
2713.001256 -0.078223 0.000636
2713.008200 -0.064032 0.000641
2713.015144 -0.047607 0.000648
2713.022089 -0.031407 0.000654
2713.029033 -0.015586 0.000660
2713.035977 -0.000468 0.000666
2713.042922 0.013964 0.000672
2713.049866 0.029470 0.000678
2713.056810 0.042709 0.000683
2713.063754 0.056080 0.000689
2713.070699 0.067069 0.000693
2713.077643 0.079306 0.000698
2713.084587 0.090043 0.000702
2713.091531 0.097970 0.000706
2713.098476 0.106326 0.000709
2713.105420 0.113618 0.000713
2713.112364 0.119860 0.000714
2713.119309 0.124486 0.000717
2713.126253 0.127668 0.000718
2713.133197 0.128769 0.000718
2713.140141 0.127635 0.000717
2713.147086 0.125051 0.000716
2713.154030 0.116439 0.000711
2713.160974 0.103009 0.000705
2713.167918 0.084495 0.000696
2713.174863 0.059894 0.000685
2713.181807 0.035669 0.000674
2713.188751 0.009571 0.000663
2713.195696 -0.011900 0.000653
2713.202640 -0.028755 0.000646
2713.209584 -0.042369 0.000641
2713.216528 -0.051152 0.000637
2713.223473 -0.061544 0.000633
2713.230417 -0.070047 0.000630
2713.237361 -0.080175 0.000625
2713.244305 -0.090295 0.000621
2713.251250 -0.102690 0.000616
2713.258194 -0.115311 0.000611
2713.265138 -0.127436 0.000606
2713.272083 -0.138480 0.000602
2713.279027 -0.143728 0.000600
2713.285971 -0.142106 0.000600
2713.292915 -0.138217 0.000601
2713.299860 -0.127259 0.000605
2713.306804 -0.114294 0.000611
2713.313748 -0.099132 0.000616
2713.320692 -0.081775 0.000623
2713.327637 -0.063150 0.000630
2713.334581 -0.044807 0.000637
2713.341525 -0.025249 0.000644
2713.348470 -0.005444 0.000651
2713.355414 0.013487 0.000660
2713.362358 0.031657 0.000666
2713.369302 0.047733 0.000673
2713.376247 0.062858 0.000679
2713.383191 0.075143 0.000684
2713.390135 0.086222 0.000688
2713.397079 0.096296 0.000692
2713.404024 0.105626 0.000696
2713.410968 0.114761 0.000700
2713.417912 0.122098 0.000703
2713.424857 0.128521 0.000705
2713.431801 0.132317 0.000706
2713.438745 0.137844 0.000708
2713.445689 0.138110 0.000708
2713.452634 0.137892 0.000708
2713.459578 0.133268 0.000705
2713.466522 0.127689 0.000703
2713.473466 0.115332 0.000696
2713.480411 0.101322 0.000690
2713.487355 0.079914 0.000681
2713.494299 0.052680 0.000668
2713.501244 0.023003 0.000656
2713.508188 -0.009480 0.000642
2713.515132 -0.040356 0.000630
2713.522076 -0.068129 0.000619
2713.529021 -0.087072 0.000611
2713.535965 -0.098104 0.000607
2713.542909 -0.106059 0.000604
2713.549853 -0.110966 0.000603
2713.556798 -0.114685 0.000601
2713.563742 -0.115485 0.000601
2713.570686 -0.115114 0.000601
2713.577630 -0.113138 0.000602
2713.584575 -0.109502 0.000604
2713.591519 -0.108461 0.000604
2713.598463 -0.102952 0.000607
2713.605408 -0.101089 0.000608
2713.612352 -0.096902 0.000610
2713.619296 -0.091856 0.000612
2713.626240 -0.084667 0.000615
2713.633185 -0.077464 0.000618
2713.640129 -0.066515 0.000623
2713.647073 -0.055239 0.000627
2713.654017 -0.042725 0.000632
2713.660962 -0.026306 0.000639
2713.667906 -0.010516 0.000646
2713.674850 0.007160 0.000654
2713.681795 0.025007 0.000661
2713.688739 0.040313 0.000668
2713.695683 0.057232 0.000676
2713.702627 0.071357 0.000681
2713.709572 0.082897 0.000686
2713.716516 0.094472 0.000692
2713.723460 0.103864 0.000695
2713.730404 0.113396 0.000700
2713.737349 0.120507 0.000703
2713.744293 0.127355 0.000706
2713.751237 0.134348 0.000709
2713.758182 0.136188 0.000709
2713.765126 0.139423 0.000710
2713.772070 0.138677 0.000710
2713.779014 0.134189 0.000707
2713.785959 0.125304 0.000703
2713.792903 0.114305 0.000697
2713.799847 0.095525 0.000688
2713.806791 0.072690 0.000678
2713.813736 0.045981 0.000666
2713.820680 0.013507 0.000652
2713.827624 -0.014395 0.000640
2713.834568 -0.037795 0.000630
2713.841513 -0.053330 0.000623
2713.848457 -0.067411 0.000618
2713.855401 -0.081591 0.000612
2713.862346 -0.097671 0.000605
2713.869290 -0.110601 0.000600
2713.876234 -0.122565 0.000595
2713.883178 -0.131763 0.000592
2713.890123 -0.142890 0.000587
2713.897067 -0.147123 0.000586
2713.904011 -0.146027 0.000586
2713.910955 -0.140899 0.000588
2713.917900 -0.134209 0.000591
2713.924844 -0.124059 0.000594
2713.931788 -0.110165 0.000599
2713.938732 -0.094034 0.000605
2713.945677 -0.077350 0.000611
2713.952621 -0.059830 0.000618
2713.959565 -0.041897 0.000625
2713.966510 -0.022944 0.000632
2713.973454 -0.006248 0.000639
2713.980398 0.011167 0.000646
2713.987342 0.025897 0.000652
2713.994287 0.040234 0.000658
2714.001231 0.053252 0.000663
2714.008175 0.068268 0.000669
2714.015119 0.078697 0.000673
2714.022064 0.088172 0.000677
2714.029008 0.097838 0.000681
2714.035952 0.106288 0.000684
2714.042897 0.113249 0.000687
2714.049841 0.121262 0.000690
2714.056785 0.125727 0.000692
2714.063729 0.129957 0.000693
2714.070674 0.131953 0.000693
2714.077618 0.133824 0.000694
2714.084562 0.133675 0.000694
2714.091506 0.129359 0.000691
2714.098451 0.120434 0.000687
2714.105395 0.109604 0.000681
2714.112339 0.090885 0.000673
2714.119283 0.066930 0.000663
2714.126228 0.038850 0.000650
2714.133172 0.010195 0.000639
2714.140116 -0.015717 0.000628
2714.147061 -0.037051 0.000619
2714.154005 -0.053098 0.000613
2714.160949 -0.064458 0.000609
2714.167893 -0.074107 0.000605
2714.174838 -0.084144 0.000601
2714.181782 -0.094104 0.000598
2714.188726 -0.104594 0.000594
2714.195670 -0.110425 0.000591
2714.202615 -0.116445 0.000589
2714.209559 -0.122420 0.000587
2714.216503 -0.126841 0.000585
2714.223447 -0.129847 0.000584
2714.230392 -0.130519 0.000584
2714.237336 -0.128079 0.000585
2714.244280 -0.122487 0.000587
2714.251225 -0.114268 0.000590
2714.258169 -0.104290 0.000594
2714.265113 -0.092092 0.000598
2714.272057 -0.075385 0.000605
2714.279002 -0.058405 0.000611
2714.285946 -0.039073 0.000618
2714.292890 -0.019102 0.000626
2714.299834 -0.000000 0.000633
2714.306779 0.019433 0.000641
2714.313723 0.037964 0.000649
2714.320667 0.054076 0.000655
2714.327611 0.068800 0.000661
2714.334556 0.082270 0.000666
2714.341500 0.094390 0.000670
2714.348444 0.105489 0.000675
2714.355389 0.113933 0.000678
2714.362333 0.123546 0.000682
2714.369277 0.131776 0.000685
2714.376221 0.138880 0.000688
2714.383166 0.144705 0.000690
2714.390110 0.147433 0.000691
2714.397054 0.147153 0.000690
2714.403998 0.146342 0.000690
2714.410943 0.139359 0.000686
2714.417887 0.130831 0.000682
2714.424831 0.115863 0.000675
2714.431775 0.095026 0.000666
2714.438720 0.069680 0.000655
2714.445664 0.038531 0.000643
2714.452608 0.005944 0.000629
2714.459553 -0.025717 0.000616
2714.466497 -0.050535 0.000607
2714.473441 -0.069700 0.000599
2714.480385 -0.089797 0.000592
2714.487330 -0.106090 0.000586
2714.494274 -0.117952 0.000582
2714.501218 -0.124316 0.000579
2714.508162 -0.129251 0.000577
2714.515107 -0.130672 0.000577
2714.522051 -0.130179 0.000577
2714.528995 -0.128499 0.000577
2714.535939 -0.124861 0.000579
2714.542884 -0.121346 0.000580
2714.549828 -0.117391 0.000581
2714.556772 -0.109718 0.000584
2714.563716 -0.099799 0.000587
2714.570661 -0.089568 0.000591
2714.577605 -0.076789 0.000596
2714.584549 -0.061710 0.000601
2714.591494 -0.047782 0.000607
2714.598438 -0.031689 0.000613
2714.605382 -0.016482 0.000619
2714.612326 -0.002694 0.000624
2714.619271 0.011604 0.000630
2714.626215 0.027071 0.000636
2714.633159 0.040947 0.000642
2714.640103 0.052900 0.000646
2714.647048 0.064225 0.000651
2714.653992 0.074624 0.000656
2714.660936 0.089217 0.000662
2714.667880 0.096779 0.000665
2714.674825 0.106389 0.000669
2714.681769 0.114261 0.000673
2714.688713 0.119369 0.000675
2714.695658 0.125207 0.000677
2714.702602 0.130862 0.000680
2714.709546 0.133089 0.000681
2714.716490 0.130423 0.000679
2714.723435 0.126970 0.000679
2714.730379 0.117875 0.000674
2714.737323 0.105790 0.000669
2714.744267 0.088507 0.000662
2714.751212 0.068895 0.000654
2714.758156 0.044070 0.000643
2714.765100 0.018754 0.000633
2714.772044 -0.006009 0.000623
2714.778989 -0.026973 0.000615
2714.785933 -0.040724 0.000610
2714.792877 -0.051984 0.000606
2714.799821 -0.063619 0.000601
2714.806766 -0.074757 0.000596
2714.813710 -0.086212 0.000592
2714.820654 -0.100938 0.000587
2714.827599 -0.115387 0.000581
2714.834543 -0.129877 0.000576
2714.841487 -0.142561 0.000571
2714.848431 -0.148734 0.000569
2714.855376 -0.147797 0.000569
2714.862320 -0.144246 0.000570
2714.869264 -0.135374 0.000573
2714.876208 -0.122674 0.000577
2714.883153 -0.107196 0.000583
2714.890097 -0.090152 0.000589
2714.897041 -0.071415 0.000596
2714.903985 -0.051713 0.000603
2714.910930 -0.032415 0.000610
2714.917874 -0.012376 0.000617
2714.924818 0.006872 0.000624
2714.931762 0.025825 0.000632
2714.938707 0.040911 0.000638
2714.945651 0.055033 0.000643
2714.952595 0.069477 0.000649
2714.959539 0.080311 0.000654
2714.966484 0.091663 0.000658
2714.973428 0.100637 0.000662
2714.980372 0.110140 0.000666
2714.987317 0.117792 0.000669
2714.994261 0.123354 0.000671
2715.001205 0.129471 0.000674
2715.008149 0.134886 0.000676
2715.015094 0.137095 0.000677
2715.022038 0.139372 0.000677
2715.028982 0.137386 0.000676
2715.035926 0.132665 0.000674
2715.042871 0.124486 0.000670
2715.049815 0.112889 0.000664
2715.056759 0.094724 0.000657
2715.063703 0.072517 0.000648
2715.070648 0.043811 0.000636
2715.077592 0.010731 0.000622
2715.084536 -0.023440 0.000609
2715.091480 -0.051891 0.000598
2715.098425 -0.068387 0.000592
2715.105369 -0.078535 0.000588
2715.112313 -0.087715 0.000584
2715.119258 -0.096552 0.000581
2715.126202 -0.100397 0.000580
2715.133146 -0.105379 0.000578
2715.140090 -0.108207 0.000577
2715.147035 -0.108907 0.000576
2715.153979 -0.109380 0.000576
2715.160923 -0.109278 0.000576
2715.167867 -0.110238 0.000576
2715.174812 -0.108680 0.000576
2715.181756 -0.107933 0.000577
2715.188700 -0.104699 0.000578
2715.195644 -0.100678 0.000580
2715.202589 -0.094717 0.000581
2715.209533 -0.084332 0.000585
2715.216477 -0.072718 0.000589
2715.223421 -0.058503 0.000595
2715.230366 -0.043015 0.000600
2715.237310 -0.023953 0.000607
2715.244254 -0.005776 0.000614
2715.251198 0.013605 0.000622
2715.258143 0.031569 0.000629
2715.265087 0.049916 0.000636
2715.272031 0.065177 0.000642
2715.278975 0.079502 0.000648
2715.285920 0.091285 0.000652
2715.292864 0.104123 0.000657
2715.299808 0.114478 0.000661
2715.306753 0.123255 0.000665
2715.313697 0.131329 0.000668
2715.320641 0.138268 0.000670
2715.327585 0.143018 0.000672
2715.334530 0.145428 0.000673
2715.341474 0.148539 0.000674
2715.348418 0.145180 0.000672
2715.355362 0.139919 0.000669
2715.362307 0.130093 0.000665
2715.369251 0.114773 0.000658
2715.376195 0.096484 0.000650
2715.383139 0.070386 0.000639
2715.390084 0.040233 0.000627
2715.397028 0.007177 0.000615
2715.403972 -0.021501 0.000604
2715.410916 -0.045416 0.000595
2715.417861 -0.063402 0.000588
2715.424805 -0.076470 0.000583
2715.431749 -0.092391 0.000578
2715.438693 -0.108873 0.000571
2715.445638 -0.124734 0.000566
2715.452582 -0.135875 0.000562
2715.459526 -0.143032 0.000559
2715.466470 -0.145118 0.000558
2715.473415 -0.143439 0.000559
2715.480359 -0.142041 0.000559
2715.487303 -0.135396 0.000561
2715.494248 -0.127285 0.000564
2715.501192 -0.116274 0.000567
2715.508136 -0.102428 0.000571
2715.515080 -0.088192 0.000576
2715.522025 -0.072233 0.000582
2715.528969 -0.056432 0.000588
2715.535913 -0.037907 0.000594
2715.542857 -0.022040 0.000599
2715.549802 -0.005184 0.000605
2715.556746 0.009656 0.000611
2715.563690 0.025142 0.000616
2715.570634 0.038972 0.000622
2715.577579 0.051977 0.000626
2715.584523 0.063764 0.000631
2715.591467 0.074743 0.000635
2715.598411 0.084161 0.000638
2715.605356 0.094180 0.000642
2715.612300 0.102925 0.000645
2715.619244 0.110657 0.000648
2715.626188 0.118996 0.000651
2715.633133 0.124754 0.000653
2715.640077 0.131056 0.000656
2715.647021 0.134091 0.000657
2715.653965 0.135636 0.000657
2715.660910 0.135611 0.000657
2715.667854 0.130825 0.000655
2715.674798 0.122226 0.000652
2715.681742 0.109462 0.000647
2715.688687 0.090981 0.000640
2715.695631 0.068064 0.000631
2715.702575 0.042505 0.000621
2715.709519 0.015101 0.000611
2715.716464 -0.010722 0.000602
2715.723408 -0.032357 0.000594
2715.730352 -0.047275 0.000588
2715.737297 -0.060031 0.000584
2715.744241 -0.074200 0.000579
2715.751185 -0.086018 0.000575
2715.758129 -0.100665 0.000570
2715.765074 -0.110718 0.000567
2715.772018 -0.118465 0.000564
2715.778962 -0.125118 0.000562
2715.785906 -0.128806 0.000561
2715.792851 -0.131572 0.000560
2715.799795 -0.134254 0.000559
2715.806739 -0.135027 0.000558
2715.813683 -0.133611 0.000559
2715.820628 -0.127526 0.000561
2715.827572 -0.117138 0.000564
2715.834516 -0.102980 0.000569
2715.841460 -0.086440 0.000574
2715.848405 -0.069892 0.000579
2715.855349 -0.049951 0.000586
2715.862293 -0.029927 0.000593
2715.869237 -0.008042 0.000601
2715.876182 0.011149 0.000608
2715.883126 0.030085 0.000615
2715.890070 0.047251 0.000621
2715.897014 0.063264 0.000627
2715.903959 0.076782 0.000632
2715.910903 0.087743 0.000636
2715.917847 0.100434 0.000641
2715.924791 0.109058 0.000644
2715.931736 0.119580 0.000648
2715.938680 0.126835 0.000650
2715.945624 0.135122 0.000653
2715.952568 0.140806 0.000655
2715.959513 0.145145 0.000657
2715.966457 0.147537 0.000658
2715.973401 0.148175 0.000658
2715.980345 0.143687 0.000656
2715.987290 0.137447 0.000653
2715.994234 0.126339 0.000649
2716.001178 0.108683 0.000641
2716.008122 0.085836 0.000632
2716.015067 0.058026 0.000622
2716.022011 0.025167 0.000609
2716.028955 -0.009005 0.000597
2716.035899 -0.041179 0.000585
2716.042844 -0.065016 0.000577
2716.049788 -0.080970 0.000571
2716.056732 -0.093576 0.000566
2716.063677 -0.105503 0.000562
2716.070621 -0.112563 0.000560
2716.077565 -0.118814 0.000557
2716.084509 -0.123468 0.000556
2716.091454 -0.124868 0.000555
2716.098398 -0.124446 0.000555
2716.105342 -0.123311 0.000555
2716.112286 -0.121283 0.000556
2716.119231 -0.119773 0.000556
2716.126175 -0.116189 0.000557
2716.133119 -0.109037 0.000559
2716.140063 -0.100508 0.000562
2716.147008 -0.089704 0.000565
2716.153952 -0.076061 0.000569
2716.160896 -0.061578 0.000574
2716.167840 -0.045601 0.000580
2716.174785 -0.029416 0.000585
2716.181729 -0.013259 0.000590
2716.188673 0.002161 0.000596
2716.195617 0.016851 0.000601
2716.202562 0.029594 0.000605
2716.209506 0.043324 0.000610
2716.216450 0.057227 0.000615
2716.223394 0.069986 0.000619
2716.230339 0.081283 0.000625
2716.237283 0.091717 0.000627
2716.244227 0.102548 0.000631
2716.251171 0.113564 0.000635
2716.258116 0.120265 0.000637
2716.265060 0.127853 0.000640
2716.272004 0.132708 0.000641
2716.278948 0.135823 0.000642
2716.285893 0.137844 0.000643
2716.292837 0.136774 0.000642
2716.299781 0.132660 0.000640
2716.306725 0.122919 0.000636
2716.313670 0.110426 0.000631
2716.320614 0.092693 0.000624
2716.327558 0.069181 0.000615
2716.334502 0.040815 0.000605
2716.341447 0.011894 0.000594
2716.348391 -0.013730 0.000585
2716.355335 -0.033138 0.000578
2716.362279 -0.048686 0.000573
2716.369224 -0.061400 0.000569
2716.376168 -0.071955 0.000565
2716.383112 -0.089321 0.000559
2716.390056 -0.107513 0.000554
2716.397001 -0.122777 0.000549
2716.403945 -0.133678 0.000545
2716.410889 -0.141949 0.000543
2716.417833 -0.145309 0.000542
2716.424778 -0.147649 0.000541
2716.431722 -0.144433 0.000542
2716.438666 -0.135468 0.000545
2716.445610 -0.127388 0.000547
2716.452555 -0.112646 0.000552
2716.459499 -0.095611 0.000557
2716.466443 -0.078368 0.000563
2716.473387 -0.060102 0.000569
2716.480332 -0.041559 0.000576
2716.487276 -0.024056 0.000581
2716.494220 -0.006338 0.000587
2716.501164 0.011067 0.000593
2716.508109 0.028655 0.000600
2716.515053 0.042885 0.000604
2716.521997 0.056279 0.000610
2716.528941 0.068737 0.000614
2716.535886 0.081389 0.000618
2716.542830 0.089696 0.000621
2716.549774 0.101079 0.000626
2716.556718 0.110810 0.000630
2716.563663 0.117148 0.000632
2716.570607 0.124067 0.000634
2716.577551 0.131407 0.000637
2716.584495 0.135537 0.000639
2716.591440 0.139577 0.000640
2716.598384 0.140478 0.000640
2716.605328 0.139220 0.000640
2716.612272 0.135278 0.000639
2716.619217 0.125787 0.000635
2716.626161 0.110570 0.000629
2716.633105 0.089494 0.000621
2716.640049 0.062824 0.000611
2716.646994 0.031064 0.000600
2716.653938 0.001269 0.000590
2716.660882 -0.026602 0.000580
2716.667826 -0.048703 0.000573
2716.674771 -0.064680 0.000567
2716.681715 -0.077407 0.000563
2716.688659 -0.088020 0.000560
2716.695603 -0.096851 0.000557
2716.702548 -0.104727 0.000554
2716.709492 -0.110288 0.000553
2716.716436 -0.115256 0.000551
2716.723380 -0.118868 0.000550
2716.730325 -0.119512 0.000550
2716.737269 -0.121662 0.000549
2716.744213 -0.121907 0.000549
2716.751157 -0.122052 0.000549
2716.758101 -0.119109 0.000550
2716.765046 -0.113871 0.000551
2716.771990 -0.106033 0.000554
2716.778934 -0.094529 0.000558
2716.785878 -0.080921 0.000562
2716.792823 -0.066903 0.000567
2716.799767 -0.048656 0.000573
2716.806711 -0.030639 0.000579
2716.813655 -0.012857 0.000585
2716.820600 0.007128 0.000592
2716.827544 0.025436 0.000598
2716.834488 0.044368 0.000605
2716.841432 0.061041 0.000611
2716.848377 0.076235 0.000616
2716.855321 0.089754 0.000621
2716.862265 0.101972 0.000626
2716.869209 0.112909 0.000630
2716.876154 0.122272 0.000634
2716.883098 0.130750 0.000637
2716.890042 0.138610 0.000640
2716.896986 0.142497 0.000641
2716.903931 0.147395 0.000643
2716.910875 0.149941 0.000644
2716.917819 0.149010 0.000644
2716.924763 0.145755 0.000642
2716.931708 0.139582 0.000640
2716.938652 0.129156 0.000637
2716.945596 0.110789 0.000629
2716.952540 0.088430 0.000621
2716.959485 0.060420 0.000611
2716.966429 0.028478 0.000599
2716.973373 -0.002876 0.000588
2716.980317 -0.028015 0.000580
2716.987262 -0.050087 0.000572
2716.994206 -0.068945 0.000566
2717.001150 -0.087574 0.000560
2717.008094 -0.103848 0.000555
2717.015039 -0.116882 0.000550
2717.021983 -0.127347 0.000547
2717.028927 -0.134415 0.000545
2717.035871 -0.139150 0.000543
2717.042815 -0.141513 0.000543
2717.049760 -0.141022 0.000543
2717.056704 -0.137702 0.000544
2717.063648 -0.132366 0.000545
2717.070592 -0.124904 0.000548
2717.077537 -0.113809 0.000551
2717.084481 -0.101909 0.000555
2717.091425 -0.088527 0.000559
2717.098369 -0.072307 0.000565
2717.105314 -0.056155 0.000570
2717.112258 -0.040293 0.000575
2717.119202 -0.023541 0.000581
2717.126146 -0.006365 0.000587
2717.133091 0.009979 0.000593
2717.140035 0.026080 0.000598
2717.146979 0.041489 0.000604
2717.153923 0.054290 0.000608
2717.160868 0.066790 0.000613
2717.167812 0.079093 0.000618
2717.174756 0.091819 0.000622
2717.181700 0.102316 0.000626
2717.188645 0.111321 0.000629
2717.195589 0.120591 0.000633
2717.202533 0.128263 0.000637
2717.209477 0.134003 0.000637
2717.216421 0.138969 0.000639
2717.223366 0.142853 0.000641
2717.230310 0.144355 0.000642
2717.237254 0.142639 0.000641
2717.244198 0.137807 0.000639
2717.251143 0.128489 0.000636
2717.258087 0.115950 0.000631
2717.265031 0.097012 0.000624
2717.271975 0.072360 0.000615
2717.278920 0.043793 0.000605
2717.285864 0.013022 0.000594
2717.292808 -0.016245 0.000584
2717.299752 -0.039375 0.000576
2717.306697 -0.055618 0.000570
2717.313641 -0.068550 0.000566
2717.320585 -0.083156 0.000561
2717.327529 -0.098070 0.000556
2717.334473 -0.110178 0.000552
2717.341418 -0.118569 0.000550
2717.348362 -0.125148 0.000548
2717.355306 -0.129060 0.000546
2717.362250 -0.133797 0.000545
2717.369195 -0.138224 0.000543
2717.376139 -0.137875 0.000544
2717.383083 -0.135678 0.000544
2717.390027 -0.129286 0.000546
2717.396972 -0.120437 0.000549
2717.403916 -0.107319 0.000553
2717.410860 -0.090846 0.000559
2717.417804 -0.074815 0.000564
2717.424749 -0.056268 0.000570
2717.431693 -0.038427 0.000576
2717.438637 -0.017999 0.000583
2717.445581 -0.000116 0.000589
2717.452525 0.019537 0.000596
2717.459470 0.035284 0.000601
2717.466414 0.050653 0.000607
2717.473358 0.065114 0.000612
2717.480302 0.077576 0.000616
2717.487247 0.089743 0.000621
2717.494191 0.099703 0.000625
2717.501135 0.108890 0.000628
2717.508079 0.118262 0.000632
2717.515024 0.125667 0.000634
2717.521968 0.133114 0.000637
2717.528912 0.138135 0.000639
2717.535856 0.142067 0.000641
